terrain
  hills-heights.png
  hills-texture.png

points
  109.272 87.6479 3.03455 7.4234
  84.6444 122.045 7.91095 80.0701
  93.4312 177.456 0.971252 119.452
  79.5205 228.648 2.08667 122.437
  66.8573 271.268 3.95831 30
  56.3587 349.614 4.82019 20.7832
  89.1926 372.596 19.9514 20.109
  126.75 316.441 28.9011 49.0004
  164.386 272.217 18.8398 25.6167
  232.621 285.574 14.542 29.3041
  216.185 359.696 11.3287 9.17071
  264.912 430.317 3.51501 90.5894
  375.707 382.292 7.42902 77.0507
  349.647 272.785 12.5191 28.5572
  337.601 223.909 13.2954 156.637
  358.631 131.683 2.35693 30
  318.284 62.4132 1.29138 28.5753
  301.448 28.2172 4.43939 12.4804
  268.819 23.5822 25.0142 6.91595
  210.461 31.4312 2.30725 13.4851
  151.471 49.4863 2.51892 54.9095
